  0.0000 271.8038 269.1321 267.1692 261.9822 258.2307 250.8198 245.5193 236.2721 229.7564 219.1214 211.7882 200.2710 192.5857 180.7554 173.2358 161.7428 154.9494 144.5651 139.1078 130.7384 127.2121 121.7672 120.5685 118.6684 119.8186 121.5560 124.7242 129.7081 134.4501 142.1051 148.1002 157.8994 164.9963 176.5389 184.7094 197.7199 206.9985 221.2823 231.7055 247.0961 258.6535 274.9523 287.5282 304.4491 317.8003 334.9628 348.7318 365.6824 379.4244 395.6707 408.8949 423.9419 436.1550 449.5324 460.2657 471.5457 480.3799 489.1959 495.7823 501.8396 505.9087 508.9940 510.3709 510.3709 508.9940 505.9087 501.8396 495.7823 489.1959 480.3799 471.5457 460.2657 449.5324 436.1550 423.9419 408.8949 395.6707 379.4244 365.6824 348.7318 334.9628 317.8003 304.4491 287.5282 274.9523 258.6535 247.0961 231.7055 221.2823 206.9985 197.7199 184.7094 176.5389 164.9963 157.8994 148.1002 142.1051 134.4501 129.7081 124.7242 121.5560 119.8186 118.6684 120.5685 121.7672 127.2121 130.7384 139.1078 144.5651 154.9494 161.7428 173.2358 180.7554 192.5857 200.2710 211.7882 219.1214 229.7564 236.2721 245.5193 250.8198 258.2307 261.9822 267.1692 269.1321 271.8038   0.0000 
271.8038 271.7614 269.0904 267.1279 261.9420 258.1913 250.7820 245.4827 236.2374 229.7233 219.0906 211.7595 200.2450 192.5621 180.7348 173.2178 161.7279 154.9371 144.5557 139.1006 130.7336 127.2089 121.7657 120.5678 118.6683 119.8186 121.5556 124.7232 129.7061 134.4471 142.1009 148.0950 157.8933 164.9893 176.5313 184.7014 197.7117 206.9902 221.2742 231.6975 247.0885 258.6462 274.9455 287.5217 304.4432 317.7947 334.9578 348.7272 365.6784 379.4208 395.6678 408.8925 423.9402 436.1538 449.5318 460.2656 471.5460 480.3806 489.1969 495.7836 501.8411 505.9104 508.9958 510.3727 510.3727 508.9958 505.9104 501.8411 495.7836 489.1969 480.3806 471.5460 460.2656 449.5318 436.1538 423.9402 408.8925 395.6678 379.4208 365.6784 348.7272 334.9578 317.7947 304.4432 287.5217 274.9455 258.6462 247.0885 231.6975 221.2742 206.9902 197.7117 184.7014 176.5313 164.9893 157.8933 148.0950 142.1009 134.4471 129.7061 124.7232 121.5556 119.8186 118.6683 120.5678 121.7657 127.2089 130.7336 139.1006 144.5557 154.9371 161.7279 173.2178 180.7348 192.5621 200.2450 211.7595 219.0906 229.7233 236.2374 245.4827 250.7820 258.1913 261.9420 267.1279 269.0904 271.7614 271.8038 
269.1321 269.0904 266.4583 264.5239 259.4081 255.7051 248.3850 243.1490 234.0009 227.5661 217.0329 209.7972 198.3827 190.8101 179.0811 171.6843 160.2880 153.6233 143.3208 137.9897 129.6632 126.2368 120.7606 119.6066 117.5807 118.7104 120.2365 123.3288 128.0428 132.6694 140.0230 145.8766 155.3678 162.3129 173.5611 181.5843 194.3256 203.4721 217.5174 227.8306 243.0128 254.4821 270.5957 283.1011 299.8528 313.1461 330.1520 343.8719 360.6779 374.3776 390.4928 403.6813 418.6128 430.7966 444.0757 454.7862 465.9859 474.8032 483.5574 490.1310 496.1458 500.2064 503.2697 504.6435 504.6435 503.2697 500.2064 496.1458 490.1310 483.5574 474.8032 465.9859 454.7862 444.0757 430.7966 418.6128 403.6813 390.4928 374.3776 360.6779 343.8719 330.1520 313.1461 299.8528 283.1011 270.5957 254.4821 243.0128 227.8306 217.5174 203.4721 194.3256 181.5843 173.5611 162.3129 155.3678 145.8766 140.0230 132.6694 128.0428 123.3288 120.2365 118.7104 117.5807 119.6066 120.7606 126.2368 129.6632 137.9897 143.3208 153.6233 160.2880 171.6843 179.0811 190.8101 198.3827 209.7972 217.0329 227.5661 234.0009 243.1490 248.3850 255.7051 259.4081 264.5239 266.4583 269.0904 269.1321 
267.1692 267.1279 264.5239 262.6155 257.5480 253.8905 246.6336 241.4618 232.3915 226.0433 215.6018 208.4767 197.1651 189.7230 178.0995 170.8452 159.5502 153.0324 142.8161 137.6241 129.3428 126.0218 120.5147 119.4052 117.2543 118.3606 119.6805 122.6962 127.1567 131.6751 138.7600 144.4899 153.7226 160.5427 171.5595 179.4690 192.0133 201.0657 214.9492 225.1906 240.2426 251.6598 267.6683 280.1377 296.8017 310.0701 326.9992 340.6999 357.4368 371.1200 387.1730 400.3475 415.2242 427.3960 440.6284 451.3294 462.4915 471.3021 480.0277 486.5960 492.5906 496.6472 499.7000 501.0724 501.0724 499.7000 496.6472 492.5906 486.5960 480.0277 471.3021 462.4915 451.3294 440.6284 427.3960 415.2242 400.3475 387.1730 371.1200 357.4368 340.6999 326.9992 310.0701 296.8017 280.1377 267.6683 251.6598 240.2426 225.1906 214.9492 201.0657 192.0133 179.4690 171.5595 160.5427 153.7226 144.4899 138.7600 131.6751 127.1567 122.6962 119.6805 118.3606 117.2543 119.4052 120.5147 126.0218 129.3428 137.6241 142.8161 153.0324 159.5502 170.8452 178.0995 189.7230 197.1651 208.4767 215.6018 226.0433 232.3915 241.4618 246.6336 253.8905 257.5480 262.6155 264.5239 267.1279 267.1692 
261.9822 261.9420 259.4081 257.5480 252.6099 249.0447 241.9595 236.9177 228.0401 221.8543 211.6148 204.6836 193.5775 186.3558 174.9383 167.9280 156.8336 150.5770 140.5351 135.5981 127.4169 124.2986 118.7542 117.7448 115.3774 116.4566 117.3843 120.2547 124.1903 128.4741 134.9615 140.4016 149.0186 155.5262 165.9504 173.5540 185.5535 194.3298 207.7267 217.7355 232.3591 243.5887 259.2180 271.5383 287.8599 301.0082 317.6221 331.2217 347.6683 361.2645 377.0544 390.1554 404.7997 416.9113 429.9455 440.5992 451.5999 460.3749 468.9774 475.5199 481.4306 485.4711 488.4814 489.8483 489.8483 488.4814 485.4711 481.4306 475.5199 468.9774 460.3749 451.5999 440.5992 429.9455 416.9113 404.7997 390.1554 377.0544 361.2645 347.6683 331.2217 317.6221 301.0082 287.8599 271.5383 259.2180 243.5887 232.3591 217.7355 207.7267 194.3298 185.5535 173.5540 165.9504 155.5262 149.0186 140.4016 134.9615 128.4741 124.1903 120.2547 117.3843 116.4566 115.3774 117.7448 118.7542 124.2986 127.4169 135.5981 140.5351 150.5770 156.8336 167.9280 174.9383 186.3558 193.5775 204.6836 211.6148 221.8543 228.0401 236.9177 241.9595 249.0447 252.6099 257.5480 259.4081 261.9420 261.9822 
258.2307 258.1913 255.7051 253.8905 249.0447 245.5709 238.6158 233.7092 224.9915 218.9846 208.9312 202.2219 191.3200 184.3564 173.1526 166.4275 155.5446 149.5865 139.7279 135.0722 126.9955 124.0918 118.5100 117.5994 115.0121 116.0551 116.5919 119.3113 122.7433 126.8022 132.7439 137.9242 146.0103 152.2548 162.1989 169.5606 181.1482 189.7213 202.7787 212.6314 226.9824 238.0996 253.5095 265.7517 281.8921 294.9861 311.4434 325.0018 341.3087 354.8708 370.5362 383.6089 398.1447 410.2334 423.1756 433.8110 444.7368 453.4974 462.0424 468.5739 474.4452 478.4785 481.4688 482.8333 482.8333 481.4688 478.4785 474.4452 468.5739 462.0424 453.4974 444.7368 433.8110 423.1756 410.2334 398.1447 383.6089 370.5362 354.8708 341.3087 325.0018 311.4434 294.9861 281.8921 265.7517 253.5095 238.0996 226.9824 212.6314 202.7787 189.7213 181.1482 169.5606 162.1989 152.2548 146.0103 137.9242 132.7439 126.8022 122.7433 119.3113 116.5919 116.0551 115.0121 117.5994 118.5100 124.0918 126.9955 135.0722 139.7279 149.5865 155.5446 166.4275 173.1526 184.3564 191.3200 202.2219 208.9312 218.9846 224.9915 233.7092 238.6158 245.5709 249.0447 253.8905 255.7051 258.1913 258.2307 
250.8198 250.7820 248.3850 246.6336 241.9595 238.6158 231.8991 227.1868 218.7514 212.9926 203.2467 196.8318 186.2515 179.6247 168.7507 162.4020 151.8489 146.2958 136.7364 132.4774 124.6039 122.0230 116.4623 115.7302 112.9085 113.9387 113.9640 116.4779 119.1692 122.8686 127.9279 132.6490 139.8018 145.5427 154.5732 161.4360 172.1741 180.2925 192.5862 202.0521 215.7293 226.5331 241.3481 253.3417 268.9491 281.8440 297.8176 311.2130 327.0804 340.5070 355.7771 368.7375 382.9262 394.9241 407.5713 418.1357 428.8223 437.5296 445.8930 452.3870 458.1356 462.1461 465.0745 466.4310 466.4310 465.0745 462.1461 458.1356 452.3870 445.8930 437.5296 428.8223 418.1357 407.5713 394.9241 382.9262 368.7375 355.7771 340.5070 327.0804 311.2130 297.8176 281.8440 268.9491 253.3417 241.3481 226.5331 215.7293 202.0521 192.5862 180.2925 172.1741 161.4360 154.5732 145.5427 139.8018 132.6490 127.9279 122.8686 119.1692 116.4779 113.9640 113.9387 112.9085 115.7302 116.4623 122.0230 124.6039 132.4774 136.7364 146.2958 151.8489 162.4020 168.7507 179.6247 186.2515 196.8318 203.2467 212.9926 218.7514 227.1868 231.8991 238.6158 241.9595 246.6336 248.3850 250.7820 250.8198 
245.5193 245.4827 243.1490 241.4618 236.9177 233.7092 227.1868 222.6833 214.4944 209.0118 199.5518 193.4737 183.2091 176.9723 166.4340 160.5177 150.3022 145.2000 135.9401 132.1028 124.4209 122.1636 116.6024 116.0295 112.9500 113.9412 113.4454 115.7386 117.7130 121.0654 125.3121 129.6193 135.9551 141.2667 149.5415 156.0033 166.0849 173.8625 185.6126 194.8128 208.0530 218.6635 233.1293 244.9879 260.3089 273.1089 288.8390 302.1645 317.8206 331.1939 346.2800 359.1989 373.2289 385.1941 397.7075 408.2461 418.8241 427.5111 435.7915 442.2704 447.9626 451.9636 454.8634 456.2165 456.2165 454.8634 451.9636 447.9626 442.2704 435.7915 427.5111 418.8241 408.2461 397.7075 385.1941 373.2289 359.1989 346.2800 331.1939 317.8206 302.1645 288.8390 273.1089 260.3089 244.9879 233.1293 218.6635 208.0530 194.8128 185.6126 173.8625 166.0849 156.0033 149.5415 141.2667 135.9551 129.6193 125.3121 121.0654 117.7130 115.7386 113.4454 113.9412 112.9500 116.0295 116.6024 122.1636 124.4209 132.1028 135.9401 145.2000 150.3022 160.5177 166.4340 176.9723 183.2091 193.4737 199.5518 209.0118 214.4944 222.6833 227.1868 233.7092 236.9177 241.4618 243.1490 245.4827 245.5193 
236.2721 236.2374 234.0009 232.3915 228.0401 224.9915 218.7514 214.4944 206.6629 201.5066 192.4583 186.7764 176.9619 171.1864 161.1275 155.7304 146.0086 141.4628 132.6730 129.3804 122.0708 120.2666 114.8742 114.5736 111.3530 112.3664 111.3632 113.4112 114.5393 117.4142 120.5628 124.2212 129.3197 133.8877 140.8986 146.6032 155.4832 162.5611 173.2232 181.8241 194.1032 204.2248 217.8447 229.3147 243.8861 256.3786 271.4403 284.5219 299.5820 312.7611 327.3199 340.0838 353.6552 365.4979 377.6241 388.0681 398.3330 406.9498 414.9937 421.4245 426.9583 430.9313 433.7514 435.0953 435.0953 433.7514 430.9313 426.9583 421.4245 414.9937 406.9498 398.3330 388.0681 377.6241 365.4979 353.6552 340.0838 327.3199 312.7611 299.5820 284.5219 271.4403 256.3786 243.8861 229.3147 217.8447 204.2248 194.1032 181.8241 173.2232 162.5611 155.4832 146.6032 140.8986 133.8877 129.3197 124.2212 120.5628 117.4142 114.5393 113.4112 111.3632 112.3664 111.3530 114.5736 114.8742 120.2666 122.0708 129.3804 132.6730 141.4628 146.0086 155.7304 161.1275 171.1864 176.9619 186.7764 192.4583 201.5066 206.6629 214.4944 218.7514 224.9915 228.0401 232.3915 234.0009 236.2374 236.2721 
229.7564 229.7233 227.5661 226.0433 221.8543 218.9846 212.9926 209.0118 201.5066 196.7199 188.0612 182.8327 173.4580 168.2076 158.6242 153.8059 144.5681 140.6176 132.2676 129.5219 122.5247 121.1360 115.8311 115.7402 112.3007 113.2771 111.7230 113.4974 113.7936 116.2092 118.3420 121.4210 125.4309 129.3687 135.3227 140.4170 148.3535 154.9008 164.7747 172.9559 184.6010 194.4127 207.5272 218.7772 232.9392 245.2772 260.0001 272.9732 287.7489 300.8509 315.1684 327.8760 341.2427 353.0429 364.9979 375.4093 385.5364 394.1287 402.0687 408.4829 413.9476 417.9113 420.6971 422.0381 422.0381 420.6971 417.9113 413.9476 408.4829 402.0687 394.1287 385.5364 375.4093 364.9979 353.0429 341.2427 327.8760 315.1684 300.8509 287.7489 272.9732 260.0001 245.2772 232.9392 218.7772 207.5272 194.4127 184.6010 172.9559 164.7747 154.9008 148.3535 140.4170 135.3227 129.3687 125.4309 121.4210 118.3420 116.2092 113.7936 113.4974 111.7230 113.2771 112.3007 115.7402 115.8311 121.1360 122.5247 129.5219 132.2676 140.6176 144.5681 153.8059 158.6242 168.2076 173.4580 182.8327 188.0612 196.7199 201.5066 209.0118 212.9926 218.9846 221.8543 226.0433 227.5661 229.7233 229.7564 
219.1214 219.0906 217.0329 215.6018 211.6148 208.9312 203.2467 199.5518 192.4583 188.0612 179.9094 175.1746 166.3872 161.7242 152.7956 148.6426 140.1053 136.8645 129.2143 127.1574 120.7767 119.9643 115.0747 115.3473 111.9988 113.0507 111.1798 112.7102 112.2586 114.1183 115.1103 117.3624 119.9314 122.8481 127.2011 131.1936 137.5243 143.0123 151.3949 158.6497 168.9711 178.0226 189.9813 200.6296 213.7843 225.6559 239.5001 252.1157 266.1254 278.9541 292.6066 305.1049 317.9007 329.5400 341.0165 351.3059 361.0486 369.5529 377.2045 383.5601 388.8326 392.7634 395.4530 396.7834 396.7834 395.4530 392.7634 388.8326 383.5601 377.2045 369.5529 361.0486 351.3059 341.0165 329.5400 317.9007 305.1049 292.6066 278.9541 266.1254 252.1157 239.5001 225.6559 213.7843 200.6296 189.9813 178.0226 168.9711 158.6497 151.3949 143.0123 137.5243 131.1936 127.2011 122.8481 119.9314 117.3624 115.1103 114.1183 112.2586 112.7102 111.1798 113.0507 111.9988 115.3473 115.0747 119.9643 120.7767 127.1574 129.2143 136.8645 140.1053 148.6426 152.7956 161.7242 166.3872 175.1746 179.9094 188.0612 192.4583 199.5518 203.2467 208.9312 211.6148 215.6018 217.0329 219.0906 219.1214 
211.7882 211.7595 209.7972 208.4767 204.6836 202.2219 196.8318 193.4737 186.7764 182.8327 175.1746 171.0048 162.7907 158.7832 150.4840 147.0433 139.1527 136.6262 129.5737 128.1522 122.2286 121.8845 117.2120 117.7175 114.2689 115.2881 112.9678 114.2049 112.9687 114.3022 114.2282 115.7646 117.0742 119.1509 122.1739 125.2937 130.3595 135.0442 142.3310 148.9264 158.3576 166.9122 178.1651 188.4579 201.0531 212.6787 226.0752 238.5241 252.1707 264.8873 278.2413 290.6624 303.2100 314.7937 326.0654 336.3141 345.8936 354.3693 361.8995 368.2370 373.4296 377.3511 380.0014 381.3294 381.3294 380.0014 377.3511 373.4296 368.2370 361.8995 354.3693 345.8936 336.3141 326.0654 314.7937 303.2100 290.6624 278.2413 264.8873 252.1707 238.5241 226.0752 212.6787 201.0531 188.4579 178.1651 166.9122 158.3576 148.9264 142.3310 135.0442 130.3595 125.2937 122.1739 119.1509 117.0742 115.7646 114.2282 114.3022 112.9687 114.2049 112.9678 115.2881 114.2689 117.7175 117.2120 121.8845 122.2286 128.1522 129.5737 136.6262 139.1527 147.0433 150.4840 158.7832 162.7907 171.0048 175.1746 182.8327 186.7764 193.4737 196.8318 202.2219 204.6836 208.4767 209.7972 211.7595 211.7882 
200.2710 200.2450 198.3827 197.1651 193.5775 191.3200 186.2515 183.2091 176.9619 173.4580 166.3872 162.7907 155.3014 151.9950 144.5452 141.9050 134.9565 133.2755 127.1987 126.5841 121.5761 121.8990 117.9644 118.9065 115.9052 117.0699 114.8155 115.8710 114.2499 115.0481 114.0967 114.7324 114.6802 115.5164 116.7806 118.4158 121.5034 124.6287 129.9365 135.0826 142.7006 150.0352 159.7079 169.0396 180.2866 191.1847 203.4376 215.3478 228.0232 240.3437 252.8728 265.0012 276.8528 288.2191 298.9152 309.0047 318.1263 326.4898 333.6778 339.9412 344.9054 348.7845 351.3203 352.6345 352.6345 351.3203 348.7845 344.9054 339.9412 333.6778 326.4898 318.1263 309.0047 298.9152 288.2191 276.8528 265.0012 252.8728 240.3437 228.0232 215.3478 203.4376 191.1847 180.2866 169.0396 159.7079 150.0352 142.7006 135.0826 129.9365 124.6287 121.5034 118.4158 116.7806 115.5164 114.6802 114.7324 114.0967 115.0481 114.2499 115.8710 114.8155 117.0699 115.9052 118.9065 117.9644 121.8990 121.5761 126.5841 127.1987 133.2755 134.9565 141.9050 144.5452 151.9950 155.3014 162.7907 166.3872 173.4580 176.9619 183.2091 186.2515 191.3200 193.5775 197.1651 198.3827 200.2450 200.2710 
192.5857 192.5621 190.8101 189.7230 186.3558 184.3564 179.6247 176.9723 171.1864 168.2076 161.7242 158.7832 151.9950 149.4484 142.7798 140.9500 134.8057 133.9078 128.5774 128.6274 124.2136 125.0043 121.4280 122.5964 119.6648 120.8054 118.3088 119.0973 116.9127 117.2061 115.3712 115.2675 114.0325 113.9100 113.7564 114.2739 115.8393 117.8112 121.6658 125.7725 132.1442 138.6528 147.3317 156.0660 166.5458 177.0376 188.7009 200.3450 212.5612 224.7094 236.8731 248.8875 260.4430 271.7307 282.1873 292.2223 301.1565 309.4839 316.5336 322.7741 327.6462 331.5123 334.0020 335.3122 335.3122 334.0020 331.5123 327.6462 322.7741 316.5336 309.4839 301.1565 292.2223 282.1873 271.7307 260.4430 248.8875 236.8731 224.7094 212.5612 200.3450 188.7009 177.0376 166.5458 156.0660 147.3317 138.6528 132.1442 125.7725 121.6658 117.8112 115.8393 114.2739 113.7564 113.9100 114.0325 115.2675 115.3712 117.2061 116.9127 119.0973 118.3088 120.8054 119.6648 122.5964 121.4280 125.0043 124.2136 128.6274 128.5774 133.9078 134.8057 140.9500 142.7798 149.4484 151.9950 158.7832 161.7242 168.2076 171.1864 176.9723 179.6247 184.3564 186.3558 189.7230 190.8101 192.5621 192.5857 
180.7554 180.7348 179.0811 178.0995 174.9383 173.1526 168.7507 166.4340 161.1275 158.6242 152.7956 150.4840 144.5452 142.7798 137.1489 136.2140 131.2537 131.2868 127.2077 128.1243 124.9272 126.4263 123.9291 125.5833 123.5058 124.8745 122.9317 123.6635 121.6547 121.5669 119.4457 118.5803 116.5138 115.1884 113.6011 112.4503 112.0163 111.9438 113.4296 115.3629 119.3124 123.8259 130.2989 137.4109 146.0172 155.2908 165.4090 176.1768 187.1249 198.6527 209.7731 221.3473 232.0458 243.0202 252.7828 262.5962 270.9861 279.1607 285.8065 291.9462 296.5491 300.3570 302.7118 304.0029 304.0029 302.7118 300.3570 296.5491 291.9462 285.8065 279.1607 270.9861 262.5962 252.7828 243.0202 232.0458 221.3473 209.7731 198.6527 187.1249 176.1768 165.4090 155.2908 146.0172 137.4109 130.2989 123.8259 119.3124 115.3629 113.4296 111.9438 112.0163 112.4503 113.6011 115.1884 116.5138 118.5803 119.4457 121.5669 121.6547 123.6635 122.9317 124.8745 123.5058 125.5833 123.9291 126.4263 124.9272 128.1243 127.2077 131.2868 131.2537 136.2140 137.1489 142.7798 144.5452 150.4840 152.7956 158.6242 161.1275 166.4340 168.7507 173.1526 174.9383 178.0995 179.0811 180.7348 180.7554 
173.2358 173.2178 171.6843 170.8452 167.9280 166.4275 162.4020 160.5177 155.7304 153.8059 148.6426 147.0433 141.9050 140.9500 136.2140 136.1184 132.0727 132.8800 129.6418 131.1802 128.6672 130.5839 128.5600 130.4141 128.5758 129.9381 127.9942 128.5268 126.2686 125.7869 123.1503 121.6761 118.8005 116.6159 113.8979 111.6090 109.7316 108.2699 108.1043 108.5438 110.8488 113.9986 119.0498 125.1000 132.5972 141.1362 150.4287 160.7211 171.0546 182.2809 192.9335 204.3141 214.6490 225.4960 234.9747 244.7037 252.8763 260.9954 267.4817 273.5854 278.0820 281.8687 284.1699 285.4537 285.4537 284.1699 281.8687 278.0820 273.5854 267.4817 260.9954 252.8763 244.7037 234.9747 225.4960 214.6490 204.3141 192.9335 182.2809 171.0546 160.7211 150.4287 141.1362 132.5972 125.1000 119.0498 113.9986 110.8488 108.5438 108.1043 108.2699 109.7316 111.6090 113.8979 116.6159 118.8005 121.6761 123.1503 125.7869 126.2686 128.5268 127.9942 129.9381 128.5758 130.4141 128.5600 130.5839 128.6672 131.1802 129.6418 132.8800 132.0727 136.1184 136.2140 140.9500 141.9050 147.0433 148.6426 153.8059 155.7304 160.5177 162.4020 166.4275 167.9280 170.8452 171.6843 173.2178 173.2358 
161.7428 161.7279 160.2880 159.5502 156.8336 155.5446 151.8489 150.3022 146.0086 144.5681 140.1053 139.1527 134.9565 134.8057 131.2537 132.0727 129.4008 131.1430 129.3750 131.7682 130.7193 133.3381 132.6881 135.0562 134.4391 136.1151 135.1884 135.8225 134.3227 133.7016 131.4965 129.5875 126.7196 123.7128 120.4439 116.8122 113.6681 110.2120 107.9752 105.7817 105.3598 105.5568 107.6588 110.9524 115.7396 122.0787 129.1225 137.8265 146.3715 156.5033 165.7469 176.3828 185.6076 195.9476 204.5579 213.9428 221.4511 229.3391 235.3404 241.2945 245.4723 249.1741 251.3167 252.5727 252.5727 251.3167 249.1741 245.4723 241.2945 235.3404 229.3391 221.4511 213.9428 204.5579 195.9476 185.6076 176.3828 165.7469 156.5033 146.3715 137.8265 129.1225 122.0787 115.7396 110.9524 107.6588 105.5568 105.3598 105.7817 107.9752 110.2120 113.6681 116.8122 120.4439 123.7128 126.7196 129.5875 131.4965 133.7016 134.3227 135.8225 135.1884 136.1151 134.4391 135.0562 132.6881 133.3381 130.7193 131.7682 129.3750 131.1430 129.4008 132.0727 131.2537 134.8057 134.9565 139.1527 140.1053 144.5681 146.0086 150.3022 151.8489 155.5446 156.8336 159.5502 160.2880 161.7279 161.7428 
154.9494 154.9371 153.6233 153.0324 150.5770 149.5865 146.2958 145.2000 141.4628 140.6176 136.8645 136.6262 133.2755 133.9078 131.2868 132.8800 131.1430 133.5641 132.6488 135.5625 135.2233 138.1812 138.0723 140.6081 140.3622 142.0569 141.3395 141.8608 140.4106 139.5469 137.2221 134.9241 131.7406 128.1599 124.3295 119.8706 115.8439 111.2178 107.7077 103.9551 101.8948 100.2629 100.5732 102.0897 105.2494 110.1735 115.9414 123.6713 131.2838 140.7918 149.3615 159.6035 168.3338 178.4218 186.6652 195.8869 203.1242 210.9050 216.7116 222.5967 226.6476 230.3102 232.3898 233.6329 233.6329 232.3898 230.3102 226.6476 222.5967 216.7116 210.9050 203.1242 195.8869 186.6652 178.4218 168.3338 159.6035 149.3615 140.7918 131.2838 123.6713 115.9414 110.1735 105.2494 102.0897 100.5732 100.2629 101.8948 103.9551 107.7077 111.2178 115.8439 119.8706 124.3295 128.1599 131.7406 134.9241 137.2221 139.5469 140.4106 141.8608 141.3395 142.0569 140.3622 140.6081 138.0723 138.1812 135.2233 135.5625 132.6488 133.5641 131.1430 132.8800 131.2868 133.9078 133.2755 136.6262 136.8645 140.6176 141.4628 145.2000 146.2958 149.5865 150.5770 153.0324 153.6233 154.9371 154.9494 
144.5651 144.5557 143.3208 142.8161 140.5351 139.7279 136.7364 135.9401 132.6730 132.2676 129.2143 129.5737 127.1987 128.5774 127.2077 129.6418 129.3750 132.6488 133.3306 137.0289 138.3174 141.9408 143.4180 146.4830 147.7355 149.8227 150.4831 151.2596 151.0358 150.2784 148.9874 146.6150 144.2099 140.3114 136.9026 131.7661 127.6406 121.7860 117.4272 111.6504 107.7648 103.1617 100.6502  98.4796  98.2337  99.4519 101.9112 106.5915 111.4470 118.7663 125.2091 133.9802 141.1111 150.2305 157.2814 165.8685 172.2296 179.5978 184.7853 190.4124 194.0680 197.5896 199.4770 200.6754 200.6754 199.4770 197.5896 194.0680 190.4124 184.7853 179.5978 172.2296 165.8685 157.2814 150.2305 141.1111 133.9802 125.2091 118.7663 111.4470 106.5915 101.9112  99.4519  98.2337  98.4796 100.6502 103.1617 107.7648 111.6504 117.4272 121.7860 127.6406 131.7661 136.9026 140.3114 144.2099 146.6150 148.9874 150.2784 151.0358 151.2596 150.4831 149.8227 147.7355 146.4830 143.4180 141.9408 138.3174 137.0289 133.3306 132.6488 129.3750 129.6418 127.2077 128.5774 127.1987 129.5737 129.2143 132.2676 132.6730 135.9401 136.7364 139.7279 140.5351 142.8161 143.3208 144.5557 144.5651 
139.1078 139.1006 137.9897 137.6241 135.5981 135.0722 132.4774 132.1028 129.3804 129.5219 127.1574 128.1522 126.5841 128.6274 128.1243 131.1802 131.7682 135.5625 137.0289 141.1166 143.0854 146.9658 149.0099 152.2166 153.9296 156.0657 157.0925 157.8416 157.8985 157.0446 155.9479 153.4041 151.0947 146.9282 143.4872 137.9398 133.5982 127.1074 122.2609 115.5053 110.7522 104.7070 100.8725  96.7843  94.8369  93.9176  94.6011  97.3694 100.7103 106.6138 111.9233 119.7514 126.0758 134.5874 141.0691 149.2633 155.2232 162.3365 167.2487 172.7165 176.2013 179.6370 181.4441 182.6160 182.6160 181.4441 179.6370 176.2013 172.7165 167.2487 162.3365 155.2232 149.2633 141.0691 134.5874 126.0758 119.7514 111.9233 106.6138 100.7103  97.3694  94.6011  93.9176  94.8369  96.7843 100.8725 104.7070 110.7522 115.5053 122.2609 127.1074 133.5982 137.9398 143.4872 146.9282 151.0947 153.4041 155.9479 157.0446 157.8985 157.8416 157.0925 156.0657 153.9296 152.2166 149.0099 146.9658 143.0854 141.1166 137.0289 135.5625 131.7682 131.1802 128.1243 128.6274 126.5841 128.1522 127.1574 129.5219 129.3804 132.1028 132.4774 135.0722 135.5981 137.6241 137.9897 139.1006 139.1078 
130.7384 130.7336 129.6632 129.3428 127.4169 126.9955 124.6039 124.4209 122.0708 122.5247 120.7767 122.2286 121.5761 124.2136 124.9272 128.6672 130.7193 135.2233 138.3174 143.0854 146.7603 151.2575 155.0193 158.7657 162.1643 164.7615 167.4134 168.5467 170.1457 169.5954 169.9307 167.5961 166.5706 162.4862 160.1230 154.4665 150.9054 144.0035 139.5019 131.8520 126.8047 119.1128 114.0819 107.2929 103.0299  98.2844  95.6515  94.0000  93.6651  95.5005  97.5167 102.2294 105.9777 112.3461 116.9423 123.7306 128.3582 134.5733 138.5849 143.5066 146.4394 149.5853 151.1330 152.2150 152.2150 151.1330 149.5853 146.4394 143.5066 138.5849 134.5733 128.3582 123.7306 116.9423 112.3461 105.9777 102.2294  97.5167  95.5005  93.6651  94.0000  95.6515  98.2844 103.0299 107.2929 114.0819 119.1128 126.8047 131.8520 139.5019 144.0035 150.9054 154.4665 160.1230 162.4862 166.5706 167.5961 169.9307 169.5954 170.1457 168.5467 167.4134 164.7615 162.1643 158.7657 155.0193 151.2575 146.7603 143.0854 138.3174 135.2233 130.7193 128.6672 124.9272 124.2136 121.5761 122.2286 120.7767 122.5247 122.0708 124.4209 124.6039 126.9955 127.4169 129.3428 129.6632 130.7336 130.7384 
127.2121 127.2089 126.2368 126.0218 124.2986 124.0918 122.0230 122.1636 120.2666 121.1360 119.9643 121.8845 121.8990 125.0043 126.4263 130.5839 133.3381 138.1812 141.9408 146.9658 151.2575 155.9400 160.2672 164.1402 168.0557 170.7342 173.8613 175.0431 177.0820 176.5561 177.2982 174.9645 174.3072 170.1902 168.1418 162.3953 159.0702 151.9807 147.5977 139.6009 134.4964 126.2023 120.8515 113.0688 108.1090 101.8438  98.0519  94.3706  92.5056  92.1193  92.5437  95.2931  97.6861 102.5759 106.1521 111.9180 115.8261 121.3663 124.9001 129.4041 132.0526 134.9754 136.3935 137.4062 137.4062 136.3935 134.9754 132.0526 129.4041 124.9001 121.3663 115.8261 111.9180 106.1521 102.5759  97.6861  95.2931  92.5437  92.1193  92.5056  94.3706  98.0519 101.8438 108.1090 113.0688 120.8515 126.2023 134.4964 139.6009 147.5977 151.9807 159.0702 162.3953 168.1418 170.1902 174.3072 174.9645 177.2982 176.5561 177.0820 175.0431 173.8613 170.7342 168.0557 164.1402 160.2672 155.9400 151.2575 146.9658 141.9408 138.1812 133.3381 130.5839 126.4263 125.0043 121.8990 121.8845 119.9643 121.1360 120.2666 122.1636 122.0230 124.0918 124.2986 126.0218 126.2368 127.2089 127.2121 
121.7672 121.7657 120.7606 120.5147 118.7542 118.5100 116.4623 116.6024 114.8742 115.8311 115.0747 117.2120 117.9644 121.4280 123.9291 128.5600 132.6881 138.0723 143.4180 149.0099 155.0193 160.2672 166.3779 170.7980 176.5128 179.7092 184.6135 186.2782 190.0444 189.9625 192.3581 190.4217 191.3157 187.5311 186.8959 181.3839 179.2876 172.2832 168.8832 160.7398 156.2851 147.4789 142.3148 133.4468 128.0220 119.8178 114.6821 107.9679 103.7611  99.3488  96.6777  95.0572  94.2145  95.2109  95.9819  98.7673 100.5430 104.0283 106.0983 109.3115 111.0695 113.2949 114.2969 115.0902 115.0902 114.2969 113.2949 111.0695 109.3115 106.0983 104.0283 100.5430  98.7673  95.9819  95.2109  94.2145  95.0572  96.6777  99.3488 103.7611 107.9679 114.6821 119.8178 128.0220 133.4468 142.3148 147.4789 156.2851 160.7398 168.8832 172.2832 179.2876 181.3839 186.8959 187.5311 191.3157 190.4217 192.3581 189.9625 190.0444 186.2782 184.6135 179.7092 176.5128 170.7980 166.3779 160.2672 155.0193 149.0099 143.4180 138.0723 132.6881 128.5600 123.9291 121.4280 117.9644 117.2120 115.0747 115.8311 114.8742 116.6024 116.4623 118.5100 118.7542 120.5147 120.7606 121.7657 121.7672 
120.5685 120.5678 119.6066 119.4052 117.7448 117.5994 115.7302 116.0295 114.5736 115.7402 115.3473 117.7175 118.9065 122.5964 125.5833 130.4141 135.0562 140.6081 146.4830 152.2166 158.7657 164.1402 170.7980 175.3364 181.6001 184.9100 190.3597 192.1378 196.4453 196.4823 199.4155 197.6052 199.0289 195.3732 195.2520 189.8603 188.2515 181.3411 178.3877 170.2860 166.2162 157.3583 152.4857 143.4085 138.1297 129.4612 124.2440 116.6851 112.0718 106.3379 102.8823  99.5164  97.5949  96.6843  96.2983  97.3447  98.1006 100.2227 101.5284 103.8092 105.0804 106.7750 107.5446 108.1665 108.1665 107.5446 106.7750 105.0804 103.8092 101.5284 100.2227  98.1006  97.3447  96.2983  96.6843  97.5949  99.5164 102.8823 106.3379 112.0718 116.6851 124.2440 129.4612 138.1297 143.4085 152.4857 157.3583 166.2162 170.2860 178.3877 181.3411 188.2515 189.8603 195.2520 195.3732 199.0289 197.6052 199.4155 196.4823 196.4453 192.1378 190.3597 184.9100 181.6001 175.3364 170.7980 164.1402 158.7657 152.2166 146.4830 140.6081 135.0562 130.4141 125.5833 122.5964 118.9065 117.7175 115.3473 115.7402 114.5736 116.0295 115.7302 117.5994 117.7448 119.4052 119.6066 120.5678 120.5685 
118.6684 118.6683 117.5807 117.2543 115.3774 115.0121 112.9085 112.9500 111.3530 112.3007 111.9988 114.2689 115.9052 119.6648 123.5058 128.5758 134.4391 140.3622 147.7355 153.9296 162.1643 168.0557 176.5128 181.6001 189.7156 193.5856 200.8887 203.2215 209.3467 209.9230 214.6109 213.3151 216.4060 213.2275 214.6617 209.6918 209.4993 202.9283 201.2201 193.3333 190.2968 181.4676 177.3663 168.0440 163.2074 153.8970 148.7027 139.9463 134.8237 127.1809 122.5927 116.5712 112.9319 108.8438 106.3988 104.2143 102.9453 102.2717 101.9111 102.1305 102.2629 102.7251 102.9263 103.1409 103.1409 102.9263 102.7251 102.2629 102.1305 101.9111 102.2717 102.9453 104.2143 106.3988 108.8438 112.9319 116.5712 122.5927 127.1809 134.8237 139.9463 148.7027 153.8970 163.2074 168.0440 177.3663 181.4676 190.2968 193.3333 201.2201 202.9283 209.4993 209.6918 214.6617 213.2275 216.4060 213.3151 214.6109 209.9230 209.3467 203.2215 200.8887 193.5856 189.7156 181.6001 176.5128 168.0557 162.1643 153.9296 147.7355 140.3622 134.4391 128.5758 123.5058 119.6648 115.9052 114.2689 111.9988 112.3007 111.3530 112.9500 112.9085 115.0121 115.3774 117.2543 117.5807 118.6683 118.6684 
119.8186 119.8186 118.7104 118.3606 116.4566 116.0551 113.9387 113.9412 112.3664 113.2771 113.0507 115.2881 117.0699 120.8054 124.8745 129.9381 136.1151 142.0569 149.8227 156.0657 164.7615 170.7342 179.7092 184.9100 193.5856 197.5989 205.4888 207.9911 214.7195 215.4905 220.7928 219.7165 223.4291 220.4931 222.5520 217.8429 218.2722 211.9702 210.8718 203.2466 200.7960 192.1993 188.6462 179.4983 175.1526 165.9178 161.1280 152.2916 147.4436 139.4970 135.0016 128.3972 124.6308 119.6787 116.8930 113.6511 111.9021 110.1497 109.2914 108.6003 108.3354 108.1992 108.1828 108.1899 108.1899 108.1828 108.1992 108.3354 108.6003 109.2914 110.1497 111.9021 113.6511 116.8930 119.6787 124.6308 128.3972 135.0016 139.4970 147.4436 152.2916 161.1280 165.9178 175.1526 179.4983 188.6462 192.1993 200.7960 203.2466 210.8718 211.9702 218.2722 217.8429 222.5520 220.4931 223.4291 219.7165 220.7928 215.4905 214.7195 207.9911 205.4888 197.5989 193.5856 184.9100 179.7092 170.7342 164.7615 156.0657 149.8227 142.0569 136.1151 129.9381 124.8745 120.8054 117.0699 115.2881 113.0507 113.2771 112.3664 113.9412 113.9387 116.0551 116.4566 118.3606 118.7104 119.8186 119.8186 
121.5560 121.5556 120.2365 119.6805 117.3843 116.5919 113.9640 113.4454 111.3632 111.7230 111.1798 112.9678 114.8155 118.3088 122.9317 127.9942 135.1884 141.3395 150.4831 157.0925 167.4134 173.8613 184.6135 190.3597 200.8887 205.4888 215.2495 218.3570 226.9290 228.3049 235.3901 234.9045 240.3156 237.9448 241.5981 237.4152 239.3140 233.4796 233.7024 226.4582 225.1559 216.8184 214.2187 205.1676 201.5601 192.2121 187.9244 178.7084 174.0976 165.4443 160.8901 153.2098 149.0760 142.6968 139.2722 134.3704 131.8168 128.3895 126.7176 124.5947 123.6738 122.5785 122.1981 121.8685 121.8685 122.1981 122.5785 123.6738 124.5947 126.7176 128.3895 131.8168 134.3704 139.2722 142.6968 149.0760 153.2098 160.8901 165.4443 174.0976 178.7084 187.9244 192.2121 201.5601 205.1676 214.2187 216.8184 225.1559 226.4582 233.7024 233.4796 239.3140 237.4152 241.5981 237.9448 240.3156 234.9045 235.3901 228.3049 226.9290 218.3570 215.2495 205.4888 200.8887 190.3597 184.6135 173.8613 167.4134 157.0925 150.4831 141.3395 135.1884 127.9942 122.9317 118.3088 114.8155 112.9678 111.1798 111.7230 111.3632 113.4454 113.9640 116.5919 117.3843 119.6805 120.2365 121.5556 121.5560 
124.7242 124.7232 123.3288 122.6962 120.2547 119.3113 116.4779 115.7386 113.4112 113.4974 112.7102 114.2049 115.8710 119.0973 123.6635 128.5268 135.8225 141.8608 151.2596 157.8416 168.5467 175.0431 186.2782 192.1378 203.2215 207.9911 218.3570 221.6825 230.8925 232.5280 240.2720 240.0835 246.1687 244.1301 248.4681 244.6485 247.2358 241.7875 242.6937 235.8454 235.2110 227.2625 225.3041 216.6158 213.6119 204.5780 200.8433 191.8667 187.7402 179.2224 175.0614 167.3853 163.5317 157.0107 153.7400 148.5628 146.0443 142.2577 140.5332 138.0484 137.0396 135.6749 135.2312 134.8021 134.8021 135.2312 135.6749 137.0396 138.0484 140.5332 142.2577 146.0443 148.5628 153.7400 157.0107 163.5317 167.3853 175.0614 179.2224 187.7402 191.8667 200.8433 204.5780 213.6119 216.6158 225.3041 227.2625 235.2110 235.8454 242.6937 241.7875 247.2358 244.6485 248.4681 244.1301 246.1687 240.0835 240.2720 232.5280 230.8925 221.6825 218.3570 207.9911 203.2215 192.1378 186.2782 175.0431 168.5467 157.8416 151.2596 141.8608 135.8225 128.5268 123.6635 119.0973 115.8710 114.2049 112.7102 113.4974 113.4112 115.7386 116.4779 119.3113 120.2547 122.6962 123.3288 124.7232 124.7242 
129.7081 129.7061 128.0428 127.1567 124.1903 122.7433 119.1692 117.7130 114.5393 113.7936 112.2586 112.9687 114.2499 116.9127 121.6547 126.2686 134.3227 140.4106 151.0358 157.8985 170.1457 177.0820 190.0444 196.4453 209.3467 214.7195 226.9290 230.8925 241.9242 244.2100 253.7174 254.1731 261.9378 260.5228 266.4349 263.2034 267.2385 262.3242 264.5320 258.1423 258.6479 251.0597 250.0695 241.6201 239.4094 230.4730 227.3595 218.3216 214.6468 205.8933 202.0155 193.9211 190.1879 183.0806 179.7855 173.9032 171.2497 166.7242 164.8043 161.6594 160.4602 158.6358 158.0755 157.4816 157.4816 158.0755 158.6358 160.4602 161.6594 164.8043 166.7242 171.2497 173.9032 179.7855 183.0806 190.1879 193.9211 202.0155 205.8933 214.6468 218.3216 227.3595 230.4730 239.4094 241.6201 250.0695 251.0597 258.6479 258.1423 264.5320 262.3242 267.2385 263.2034 266.4349 260.5228 261.9378 254.1731 253.7174 244.2100 241.9242 230.8925 226.9290 214.7195 209.3467 196.4453 190.0444 177.0820 170.1457 157.8985 151.0358 140.4106 134.3227 126.2686 121.6547 116.9127 114.2499 112.9687 112.2586 113.7936 114.5393 117.7130 119.1692 122.7433 124.1903 127.1567 128.0428 129.7061 129.7081 
134.4501 134.4471 132.6694 131.6751 128.4741 126.8022 122.8686 121.0654 117.4142 116.2092 114.1183 114.3022 115.0481 117.2061 121.5669 125.7869 133.7016 139.5469 150.2784 157.0446 169.5954 176.5561 189.9625 196.4823 209.9230 215.4905 228.3049 232.5280 244.2100 246.8124 257.0004 257.8224 266.2878 265.2826 271.9064 269.1208 273.8689 269.4272 272.3395 266.4370 267.6289 260.5274 260.1949 252.2144 250.6234 242.1210 239.5812 230.9267 227.7706 219.3346 215.9088 208.0509 204.6916 197.7303 194.7219 188.8967 186.4398 181.8976 180.0917 176.8875 175.7397 173.8555 173.3123 172.6940 172.6940 173.3123 173.8555 175.7397 176.8875 180.0917 181.8976 186.4398 188.8967 194.7219 197.7303 204.6916 208.0509 215.9088 219.3346 227.7706 230.9267 239.5812 242.1210 250.6234 252.2144 260.1949 260.5274 267.6289 266.4370 272.3395 269.4272 273.8689 269.1208 271.9064 265.2826 266.2878 257.8224 257.0004 246.8124 244.2100 232.5280 228.3049 215.4905 209.9230 196.4823 189.9625 176.5561 169.5954 157.0446 150.2784 139.5469 133.7016 125.7869 121.5669 117.2061 115.0481 114.3022 114.1183 116.2092 117.4142 121.0654 122.8686 126.8022 128.4741 131.6751 132.6694 134.4471 134.4501 
142.1051 142.1009 140.0230 138.7600 134.9615 132.7439 127.9279 125.3121 120.5628 118.3420 115.1103 114.2282 114.0967 115.3712 119.4457 123.1503 131.4965 137.2221 148.9874 155.9479 169.9307 177.2982 192.3581 199.4155 214.6109 220.7928 235.3901 240.2720 253.7174 257.0004 268.8971 270.4013 280.4914 280.1499 288.2868 286.1266 292.2530 288.3795 292.5182 287.1090 289.3659 282.6668 283.2358 275.5527 274.7051 266.3867 264.4450 255.8593 253.1722 244.6907 241.6181 233.6050 230.4957 223.2849 220.4378 214.2995 211.9299 207.0537 205.2784 201.7727 200.6217 198.5262 197.9728 197.2788 197.2788 197.9728 198.5262 200.6217 201.7727 205.2784 207.0537 211.9299 214.2995 220.4378 223.2849 230.4957 233.6050 241.6181 244.6907 253.1722 255.8593 264.4450 266.3867 274.7051 275.5527 283.2358 282.6668 289.3659 287.1090 292.5182 288.3795 292.2530 286.1266 288.2868 280.1499 280.4914 270.4013 268.8971 257.0004 253.7174 240.2720 235.3901 220.7928 214.6109 199.4155 192.3581 177.2982 169.9307 155.9479 148.9874 137.2221 131.4965 123.1503 119.4457 115.3712 114.0967 114.2282 115.1103 118.3420 120.5628 125.3121 127.9279 132.7439 134.9615 138.7600 140.0230 142.1009 142.1051 
148.1002 148.0950 145.8766 144.4899 140.4016 137.9242 132.6490 129.6193 124.2212 121.4210 117.3624 115.7646 114.7324 115.2675 118.5803 121.6761 129.5875 134.9241 146.6150 153.4041 167.5961 174.9645 190.4217 197.6052 213.3151 219.7165 234.9045 240.0835 254.1731 257.8224 270.4013 272.3329 283.1285 283.2646 292.1151 290.4705 297.3051 293.9732 298.8037 293.9491 296.8723 290.7263 291.9266 284.7792 284.5199 276.7049 275.3030 267.1766 264.9766 256.8999 254.2552 246.5818 243.8342 236.8893 234.3321 228.3842 226.2300 221.4744 219.8436 216.4028 215.3364 213.2700 212.7554 212.0696 212.0696 212.7554 213.2700 215.3364 216.4028 219.8436 221.4744 226.2300 228.3842 234.3321 236.8893 243.8342 246.5818 254.2552 256.8999 264.9766 267.1766 275.3030 276.7049 284.5199 284.7792 291.9266 290.7263 296.8723 293.9491 298.8037 293.9732 297.3051 290.4705 292.1151 283.2646 283.1285 272.3329 270.4013 257.8224 254.1731 240.0835 234.9045 219.7165 213.3151 197.6052 190.4217 174.9645 167.5961 153.4041 146.6150 134.9241 129.5875 121.6761 118.5803 115.2675 114.7324 115.7646 117.3624 121.4210 124.2212 129.6193 132.6490 137.9242 140.4016 144.4899 145.8766 148.0950 148.1002 
157.8994 157.8933 155.3678 153.7226 149.0186 146.0103 139.8018 135.9551 129.3197 125.4309 119.9314 117.0742 114.6802 114.0325 116.5138 118.8005 126.7196 131.7406 144.2099 151.0947 166.5706 174.3072 191.3157 199.0289 216.4060 223.4291 240.3156 246.1687 261.9378 266.2878 280.4914 283.1285 295.4615 296.2845 306.5537 305.5537 313.6627 310.9128 316.8580 312.5071 316.3801 310.6475 312.6364 305.8043 306.1839 298.5843 297.6908 289.6840 287.8840 279.8392 277.5064 269.7868 267.2777 260.2215 257.8408 251.7380 249.7082 244.7822 243.2325 239.6368 238.6169 236.4416 235.9467 235.2216 235.2216 235.9467 236.4416 238.6169 239.6368 243.2325 244.7822 249.7082 251.7380 257.8408 260.2215 267.2777 269.7868 277.5064 279.8392 287.8840 289.6840 297.6908 298.5843 306.1839 305.8043 312.6364 310.6475 316.3801 312.5071 316.8580 310.9128 313.6627 305.5537 306.5537 296.2845 295.4615 283.1285 280.4914 266.2878 261.9378 246.1687 240.3156 223.4291 216.4060 199.0289 191.3157 174.3072 166.5706 151.0947 144.2099 131.7406 126.7196 118.8005 116.5138 114.0325 114.6802 117.0742 119.9314 125.4309 129.3197 135.9551 139.8018 146.0103 149.0186 153.7226 155.3678 157.8933 157.8994 
164.9963 164.9893 162.3129 160.5427 155.5262 152.2548 145.5427 141.2667 133.8877 129.3687 122.8481 119.1509 115.5164 113.9100 115.1884 116.6159 123.7128 128.1599 140.3114 146.9282 162.4862 170.1902 187.5311 195.3732 213.2275 220.4931 237.9448 244.1301 260.5228 265.2826 280.1499 283.2646 296.2845 297.6403 308.6014 308.1737 316.9630 314.8095 321.4104 317.6655 322.1600 317.0281 319.5966 313.3455 314.2569 307.2059 306.7925 299.2911 297.9169 290.3256 288.3622 281.0348 278.8342 272.0999 269.9628 264.1077 262.2578 257.5096 256.0821 252.6028 251.6571 249.5469 249.0865 248.3823 248.3823 249.0865 249.5469 251.6571 252.6028 256.0821 257.5096 262.2578 264.1077 269.9628 272.0999 278.8342 281.0348 288.3622 290.3256 297.9169 299.2911 306.7925 307.2059 314.2569 313.3455 319.5966 317.0281 322.1600 317.6655 321.4104 314.8095 316.9630 308.1737 308.6014 297.6403 296.2845 283.2646 280.1499 265.2826 260.5228 244.1301 237.9448 220.4931 213.2275 195.3732 187.5311 170.1902 162.4862 146.9282 140.3114 128.1599 123.7128 116.6159 115.1884 113.9100 115.5164 119.1509 122.8481 129.3687 133.8877 141.2667 145.5427 152.2548 155.5262 160.5427 162.3129 164.9893 164.9963 
